stk.v.12.1.1
Begin	Attitude
NumberofAttitudePoints	162
Sequence	323
RepeatPattern
1066.6666666666667 5 5
2133.3333333333335 15 5
3200.0 25 5
4266.666666666667 35 5
5333.333333333334 45 5
6400.0 55 5
7466.666666666667 65 5
8533.333333333334 75 5
9600.0 85 5
10666.666666666668 5 15
11733.333333333334 15 15
12800.0 25 15
13866.666666666668 35 15
14933.333333333334 45 15
16000.000000000002 55 15
17066.666666666668 65 15
18133.333333333336 75 15
19200.0 85 15
20266.666666666668 5 25
21333.333333333336 15 25
22400.0 25 25
23466.666666666668 35 25
24533.333333333336 45 25
25600.0 55 25
26666.666666666668 65 25
27733.333333333336 75 25
28800.000000000004 85 25
29866.666666666668 5 35
30933.333333333336 15 35
32000.000000000004 25 35
33066.66666666667 35 35
34133.333333333336 45 35
35200.0 55 35
36266.66666666667 65 35
37333.333333333336 75 35
38400.0 85 35
39466.66666666667 5 45
40533.333333333336 15 45
41600.0 25 45
42666.66666666667 35 45
43733.333333333336 45 45
44800.0 55 45
45866.66666666667 65 45
46933.333333333336 75 45
48000.0 85 45
49066.66666666667 5 55
50133.333333333336 15 55
51200.0 25 55
52266.66666666667 35 55
53333.333333333336 45 55
54400.00000000001 55 55
55466.66666666667 65 55
56533.333333333336 75 55
57600.00000000001 85 55
58666.66666666667 5 65
59733.333333333336 15 65
60800.00000000001 25 65
61866.66666666667 35 65
62933.333333333336 45 65
64000.00000000001 55 65
65066.66666666667 65 65
66133.33333333334 75 65
67200.0 85 65
68266.66666666667 5 75
69333.33333333334 15 75
70400.0 25 75
71466.66666666667 35 75
72533.33333333334 45 75
73600.0 55 75
74666.66666666667 65 75
75733.33333333334 75 75
76800.0 85 75
77866.66666666667 5 85
78933.33333333334 15 85
80000.0 25 85
81066.66666666667 35 85
82133.33333333334 45 85
83200.0 55 85
84266.66666666667 65 85
85333.33333333334 75 85
86400.0 85 85
87466.66666666667 5 95
88533.33333333334 15 95
89600.0 25 95
90666.66666666667 35 95
91733.33333333334 45 95
92800.0 55 95
93866.66666666667 65 95
94933.33333333334 75 95
96000.0 85 95
97066.66666666667 5 105
98133.33333333334 15 105
99200.0 25 105
100266.66666666667 35 105
101333.33333333334 45 105
102400.0 55 105
103466.66666666667 65 105
104533.33333333334 75 105
105600.00000000001 85 105
106666.66666666667 5 115
107733.33333333334 15 115
108800.00000000001 25 115
109866.66666666667 35 115
110933.33333333334 45 115
112000.00000000001 55 115
113066.66666666667 65 115
114133.33333333334 75 115
115200.00000000001 85 115
116266.66666666667 5 125
117333.33333333334 15 125
118400.00000000001 25 125
119466.66666666667 35 125
120533.33333333334 45 125
121600.00000000001 55 125
122666.66666666667 65 125
123733.33333333334 75 125
124800.00000000001 85 125
125866.66666666667 5 135
126933.33333333334 15 135
128000.00000000001 25 135
129066.66666666667 35 135
130133.33333333334 45 135
131200.0 55 135
132266.6666666667 65 135
133333.33333333334 75 135
134400.0 85 135
135466.6666666667 5 145
136533.33333333334 15 145
137600.0 25 145
138666.6666666667 35 145
139733.33333333334 45 145
140800.0 55 145
141866.6666666667 65 145
142933.33333333334 75 145
144000.0 85 145
145066.6666666667 5 155
146133.33333333334 15 155
147200.0 25 155
148266.6666666667 35 155
149333.33333333334 45 155
150400.0 55 155
151466.6666666667 65 155
152533.33333333334 75 155
153600.0 85 155
154666.6666666667 5 165
155733.33333333334 15 165
156800.0 25 165
157866.6666666667 35 165
158933.33333333334 45 165
160000.0 55 165
161066.6666666667 65 165
162133.33333333334 75 165
163200.0 85 165
164266.6666666667 5 175
165333.33333333334 15 175
166400.0 25 175
167466.6666666667 35 175
168533.33333333334 45 175
169600.0 55 175
170666.6666666667 65 175
171733.33333333334 75 175
172800.0 85 175
End Attitude